
instance_name: inst_20
objective_upper_bound: 0.0
objective_lower_bound: 0.0
runtime: 0.5669999122619629
relative_gap: 0.0
node_count: 1.0
routes: (0, 10) (1, 2) (2, 11) (3, 9) (4, 12) (5, 15) (6, 17) (7, 14) (8, 4) (9, 6) (10, 7) (11, 8) (12, 5) (13, 1) (14, 16) (15, 19) (16, 3) (17, 18) (18, 13)
arrival_times: 0.0 17.414285985395214 28.544083940045624 30.0798763257195 32.69842747318426 36.78063895650848 44.96151022596405 56.71860365010798 59.62949675791606 63.29686846842066 108.82415660568222 144.6286090221256 161.03036327287555 224.48217683285475 295.131997263059 328.0578212980181 371.20264430344105 477.22347537614405 576.0 683.0
delay_times: 0.0 0.0 0.0 0.0 0.0 0.0 0.0 0.0 0.0 0.0 0.0 0.0 0.0 0.0 0.0 0.0 0.0 0.0 0.0 0.0
