
created_at: 2024-06-24 18:50:37
instance_name: inst_22
objective_upper_bound: 1533.7342081535608
objective_lower_bound: 1533.7342081535608
runtime: 144.41300010681152
relative_gap: 0.0
node_count: 180744.0
routes: (0, 13) (1, 14) (2, 8) (3, 4) (4, 11) (5, 9) (6, 7) (7, 22) (8, 3) (9, 12) (10, 15) (11, 19) (12, 1) (13, 21) (14, 6) (15, 16) (16, 20) (17, 18) (18, 5) (19, 17) (20, 2) (21, 10)
arrival_times: 0.0 65.52098900265992 149.04197800531983 177.0 219.52535300329328 269.54050104133785 299.7758851032704 326.45742679573596 382.9200544208288 413.0032435785979 448.23862764053047 519.7986772060394 669.0 917.0 989.4830805547535 1099.0 1117.4339811317623 1183.5317034181207 1284.786897175014 1677.0 1743.3172667436302 1861.3585433326662 1983.159321539104
delay_times: 0.0 51.78689717501402 219.45742679573596 313.0032435785979 4.238627640530467 0.0 27.31726674363017 92.35854333266616 25.92005442082882 3.433981131762266 0.0 183.79867720603943 65.53170341812074 43.52098900265992 0.0 155.52535300329328 61.54050104133785 0.0 55.48308055475354 0.0 196.7758851032704 34.041978005319834 0.0
