
created_at: 2024-06-24 18:50:37
instance_name: inst_10
objective_upper_bound: 116.87652227750874
objective_lower_bound: 116.87652227750874
runtime: 1.5190000534057617
relative_gap: 0.0
node_count: 1.0
routes: (0, 2) (1, 8) (2, 7) (3, 4) (4, 6) (5, 3) (6, 9) (7, 5) (8, 1)
arrival_times: 0.0 47.887949137273324 113.98857314023542 419.0 428.0 430.0 449.0 490.0 535.0 608.0
delay_times: 0.0 0.0 30.887949137273324 0.0 0.0 0.0 0.0 85.98857314023542 0.0 0.0
