
instance_name: inst_25
objective_upper_bound: 0.0
objective_lower_bound: 0.0
runtime: 2.8949999809265137
relative_gap: 0.0
node_count: 1.0
routes: (0, 11) (1, 7) (2, 20) (3, 24) (4, 3) (5, 15) (6, 21) (7, 6) (8, 13) (9, 16) (10, 17) (11, 12) (12, 2) (13, 18) (14, 5) (15, 8) (16, 9) (17, 4) (18, 19) (19, 14) (20, 1) (21, 10) (22, 23) (23, 22)
arrival_times: 0.0 19.646882703527808 24.055379166806112 28.295753389366936 29.055538208261634 29.95463274850621 36.02196003016692 42.021713268821635 54.437889013209414 54.99991550520236 56.26657144159676 58.03039936151481 61.416536798407655 65.3025940404483 122.67889890812943 126.78889744915062 143.0 341.59411796554923 404.0 409.0 1099.0 1208.0 1463.0 1757.0 1823.0
delay_times: 0.0 0.0 0.0 0.0 0.0 0.0 0.0 0.0 0.0 0.0 0.0 0.0 0.0 0.0 0.0 0.0 0.0 0.0 0.0 0.0 0.0 0.0 0.0 0.0 0.0
