
created_at: 2024-06-24 18:50:37
instance_name: inst_30
objective_upper_bound: 966.222808001563
objective_lower_bound: 966.2228062399663
runtime: 117.72500014305115
relative_gap: 1.8231785001315433e-09
node_count: 64497.0
routes: (0, 28) (1, 17) (2, 23) (3, 21) (4, 6) (5, 29) (6, 11) (7, 24) (8, 30) (9, 13) (10, 25) (11, 22) (12, 7) (13, 2) (14, 18) (15, 16) (16, 12) (17, 5) (18, 4) (19, 26) (20, 15) (21, 9) (22, 19) (23, 1) (24, 14) (25, 27) (26, 8) (27, 20) (28, 3) (29, 10)
arrival_times: 0.0 241.0 332.4621125124395 428.95512899942696 514.7991268131882 586.0 636.7062648739666 759.0 847.9938269257545 940.0 1023.3816744107753 1249.0 1324.0 1365.0 1441.0 1790.0 1846.0 2024.0 2068.0 2134.0802995711565 2178.986411837861 2234.0328983385116 2269.28135506995 2313.6922374088317 2355.472734572366 2416.121500922367 2472.1755155492574 2499.3558554369956 2560.8421170990914 2593.8837476596236 2628.5819257292897
delay_times: 0.0 95.99382692575455 50.706264873966575 2.4621125124394894 58.692237408831716 10.381674410775304 88.47273457236588 102.0802995711565 126.88374765962362 57.799126813188195 0.0 27.121500922366977 10.0 0.0 48.032898338511586 0.0 0.0 0.0 156.28135506995022 12.355855436995625 0.0 53.95512899942696 5.175515549257398 0.0 46.98641183786094 0.0 12.84211709909141 0.0 0.0 0.0 0.0
