
created_at: 2024-06-24 18:50:37
instance_name: inst_15
objective_upper_bound: 382.83277842815585
objective_lower_bound: 382.8327784281555
runtime: 9.052000045776367
relative_gap: 0.0
node_count: 1.0
routes: (0, 8) (1, 10) (2, 6) (3, 12) (4, 7) (5, 4) (6, 1) (7, 13) (8, 11) (9, 3) (10, 14) (11, 9) (12, 5) (13, 2)
arrival_times: 0.0 36.674241641536355 112.90244108180849 200.00626718740324 295.0 406.0 533.0 712.0 794.2150289434918 844.7810707651038 927.5996729023707 952.8192173596394 1001.8348385468021 1085.0 1163.0
delay_times: 0.0 130.83483854680208 103.59967290237068 0.0 0.0 0.0 28.819217359639424 24.215028943491802 18.674241641536355 49.00626718740324 0.0 9.90244108180849 0.0 17.781070765103777 0.0
