
created_at: 2024-06-24 18:50:37
instance_name: inst_12
objective_upper_bound: 41.76055797562003
objective_lower_bound: 41.76055797562003
runtime: 5.8460001945495605
relative_gap: 0.0
node_count: 70.0
routes: (0, 2) (1, 7) (2, 3) (3, 5) (4, 9) (5, 4) (6, 12) (7, 10) (8, 11) (9, 8) (10, 6) (11, 1)
arrival_times: 0.0 101.0 197.76055797562003 267.0 289.0 367.0 390.0 416.0 468.0 559.0 572.0 690.0 738.0
delay_times: 0.0 0.0 0.0 41.76055797562003 0.0 0.0 0.0 0.0 0.0 0.0 0.0 0.0 0.0
