
instance_name: inst_10
objective_upper_bound: 3.6569441359421226
objective_lower_bound: 3.6569441359421226
runtime: 0.6489999294281006
relative_gap: 0.0
node_count: 1.0
routes: (0, 8) (1, 2) (2, 1) (3, 9) (4, 5) (5, 4) (6, 7) (7, 6) (8, 3)
arrival_times: 0.0 16.05545643475264 18.05543303195368 19.601586088532105 22.472533276858357 30.601511103988443 63.08014972262075 74.0 89.33914653783268 98.33868465521519
delay_times: 0.0 0.0 1.0554330319536795 0.0 0.0 0.0 0.0 2.601511103988443 0.0 0.0
