
created_at: 2024-06-24 18:50:37
instance_name: inst_20
objective_upper_bound: 251.39108557090003
objective_lower_bound: 251.39108557090003
runtime: 9.199000120162964
relative_gap: 0.0
node_count: 1403.0
routes: (0, 6) (1, 15) (2, 16) (3, 7) (4, 3) (5, 13) (6, 18) (7, 8) (8, 5) (9, 14) (10, 11) (11, 4) (12, 2) (13, 17) (14, 9) (15, 10) (16, 1) (17, 19) (18, 12)
arrival_times: 0.0 224.0 262.24154027365154 379.0 439.01052345099373 495.8838230725378 530.0 611.922038384896 695.0 759.5685424257035 777.0 845.0 963.0 1041.1286624140948 1119.0 1216.0 1244.0 1533.0 1588.6359555490226 1682.0
delay_times: 0.0 0.0 34.01052345099373 35.12866241409483 0.0 0.0 0.0 0.0 0.0 0.0 0.0 23.568542425703527 0.0 0.0 0.0 35.92203838489604 86.88382307253778 26.635955549022583 9.241540273651538 0.0
