
instance_name: inst_17
objective_upper_bound: 0.0
objective_lower_bound: 0.0
runtime: 1.3029999732971191
relative_gap: 0.0
node_count: 1.0
routes: (0, 7) (1, 15) (2, 12) (3, 8) (4, 11) (5, 4) (6, 3) (7, 5) (8, 17) (9, 2) (10, 16) (11, 13) (12, 6) (13, 10) (14, 9) (15, 1) (16, 14)
arrival_times: 0.0 15.231546211987734 30.000046400941994 31.000014697723135 32.000012725612414 70.57102419964598 106.15319442562759 160.85814017802477 198.7242852896452 241.5210242755711 286.5357269793749 330.0 400.4358042385429 478.6251503415406 498.8231893684715 807.0 1111.0 1191.0
delay_times: 0.0 0.0 0.0 0.0 0.0 0.0 0.0 0.0 0.0 0.0 0.0 0.0 0.0 0.0 0.0 0.0 0.0 0.0
