
instance_name: inst_30
objective_upper_bound: 0.0
objective_lower_bound: 0.0
runtime: 16.12000012397766
relative_gap: 0.0
node_count: 2020.0
routes: (0, 4) (1, 10) (2, 3) (3, 9) (4, 21) (5, 6) (6, 8) (7, 22) (8, 15) (9, 17) (10, 13) (11, 5) (12, 18) (13, 26) (14, 29) (15, 25) (16, 19) (17, 1) (18, 7) (19, 20) (20, 14) (21, 28) (22, 30) (23, 24) (24, 11) (25, 16) (26, 27) (27, 23) (28, 2) (29, 12)
arrival_times: 0.0 63.13477647118259 145.69509620591987 202.95481025427569 291.5098226666448 309.5098226666448 329.1589333079742 371.5196130834475 391.5196130834475 434.71444009243993 453.1484212242022 487.8870549779322 545.2606014683779 586.2164551615651 635.2164551615651 678.4734543785364 746.8698105197311 768.4753617960813 850.538713814676 886.0338113829347 910.5867567397462 953.8667815234046 1005.0692659001331 1056.2970958072226 1123.3067103027831 1178.2691927086096 1225.9434343501407 1283.7973788063455 1390.148350339331 1451.2316114603955 1527.0
delay_times: 0.0 0.0 0.0 0.0 0.0 0.0 0.0 0.0 0.0 0.0 0.0 0.0 0.0 0.0 0.0 0.0 0.0 0.0 0.0 0.0 0.0 0.0 0.0 0.0 0.0 0.0 0.0 0.0 0.0 0.0 0.0
