
created_at: 2024-06-24 18:50:37
instance_name: inst_17
objective_upper_bound: 263.77363984286285
objective_lower_bound: 263.7736398428624
runtime: 5.628999948501587
relative_gap: 0.0
node_count: 1.0
routes: (0, 5) (1, 6) (2, 4) (3, 12) (4, 7) (5, 15) (6, 8) (7, 16) (8, 14) (9, 2) (10, 1) (11, 13) (12, 10) (13, 9) (14, 17) (15, 11) (16, 3)
arrival_times: 0.0 115.0 196.0 257.0 330.0 380.05124837905163 467.0 511.33105012029415 653.0 688.0 807.0 890.4748012796044 994.0 1068.0 1132.6508488412937 1222.6267489567383 1280.6389422658806 1330.0
delay_times: 0.0 0.0 0.0 0.0 64.33105012029415 0.0 2.6508488412937368 0.0 111.62674895673831 50.05124837905163 0.0 0.0 13.474801279604435 0.0 21.638942265880587 0.0 0.0 0.0
