
instance_name: inst_12
objective_upper_bound: 0.0
objective_lower_bound: 0.0
runtime: 0.565000057220459
relative_gap: 0.0
node_count: 1.0
routes: (0, 1) (1, 11) (2, 10) (3, 5) (4, 6) (5, 7) (6, 8) (7, 2) (8, 9) (9, 3) (10, 4) (11, 12)
arrival_times: 0.0 0.0 0.0 12.165525060147047 29.142564585293936 32.47103279302647 35.84067657520651 48.99994525521279 60.52150573423382 64.38484804654844 69.15096517352856 73.00747215241002 88.51940606631017
delay_times: 0.0 0.0 0.0 0.0 0.0 0.0 0.0 0.0 0.0 0.0 0.0 0.0 0.0
