
instance_name: inst_15
objective_upper_bound: 7.0990584674278665
objective_lower_bound: 7.0990584674278665
runtime: 0.6650002002716064
relative_gap: 0.0
node_count: 1.0
routes: (0, 1) (1, 14) (2, 11) (3, 8) (4, 9) (5, 10) (6, 3) (7, 12) (8, 6) (9, 13) (10, 4) (11, 5) (12, 2) (13, 7)
arrival_times: 0.0 25.099058467427867 28.206481862764264 31.931630058946396 38.360584281846236 41.086883137331355 51.17736284021192 54.89724656059636 57.56622434460906 65.01074246536812 65.54871911383945 80.10952355649877 81.49798936590575 101.11845145807794 132.0
delay_times: 0.0 0.0 0.0 0.0 0.0 0.0 0.0 0.0 7.0990584674278665 0.0 0.0 0.0 0.0 0.0 0.0
