
created_at: 2024-06-24 18:50:37
instance_name: inst_25
objective_upper_bound: 465.10968679848077
objective_lower_bound: 465.1096867984779
runtime: 9.402999877929688
relative_gap: 0.0
node_count: 1.0
routes: (0, 16) (1, 5) (2, 10) (3, 7) (4, 9) (5, 11) (6, 1) (7, 24) (8, 17) (9, 19) (10, 8) (11, 15) (12, 2) (13, 14) (14, 21) (15, 23) (16, 22) (17, 20) (18, 12) (19, 3) (20, 4) (21, 6) (22, 13) (23, 18)
arrival_times: 0.0 63.0 143.0 206.29446918144822 280.30216103419644 404.0 413.242640687151 652.0 707.4004310332239 778.4098641555756 873.0 931.1735854751284 988.9383268337697 1016.0005845818669 1052.0223134476691 1099.0 1176.0 1241.3896539777647 1346.5012898182372 1463.0 1553.4343665724496 1606.0 1757.0 1882.0 1930.0
delay_times: 0.0 0.0 54.02231344766915 0.0 0.0 13.400431033223867 4.242640687150981 0.0 0.0 21.434366572449562 0.0 45.40986415557563 53.00058458186686 147.29446918144822 12.302161034196445 0.0 0.0 33.38965397776474 55.93832683376968 0.0 13.501289818237183 0.0 0.0 11.173585475128448 0.0
