
instance_name: inst_10
objective_upper_bound: 147.75944735298228
objective_lower_bound: 147.75944735298228
runtime: 4.2789998054504395
relative_gap: 0.0
node_count: 44.0
routes: (0, 2) (1, 4) (2, 7) (3, 8) (4, 6) (5, 3) (6, 9) (7, 5) (8, 1)
arrival_times: 0.0 378.6463058484949 47.88527957524636 236.8553281618502 459.7573313572808 191.18545651842715 511.7729525439263 144.87416777773592 300.9356277326403 585.0
delay_times: 0.0 0.0 30.885279575246358 0.0 0.0 0.0 0.0 116.87416777773592 0.0 0.0
